$gene_or_promoter	SolutionOrder	mass reclaimed $(fg/cell)$	A14.07036	cumulativeMass
b3322	11	24.1442705355	4.59165577905e-07	121.055606581
b3323	11	24.1442705355	4.59165577905e-07	121.05560704
PM-8819	11	24.1442705355	4.59165577905e-07	121.055607499
PM0-9514	11	24.1442705355	4.59165577905e-07	121.055607959
b3324	11	24.1442705355	4.59165577905e-07	121.055608418
b3325	11	24.1442705355	4.59165577905e-07	121.055608877
b3326	11	24.1442705355	4.59165577905e-07	121.055609336
b3327	11	24.1442705355	4.59165577905e-07	121.055609795
b3328	11	24.1442705355	4.59165577905e-07	121.055610254
b3329	11	24.1442705355	4.59165577905e-07	121.055610714
b3330	11	24.1442705355	4.59165577905e-07	121.055611173
b3331	11	24.1442705355	4.59165577905e-07	121.055611632
b3332	11	24.1442705355	4.59165577905e-07	121.055612091
b3333	11	24.1442705355	4.59165577905e-07	121.05561255
b3334	11	24.1442705355	4.59165577905e-07	121.055613009
b3335	11	24.1442705355	4.59165577905e-07	121.055613469
b3336	11	24.1442705355	0.104650969614	121.160264438
b3337	11	24.1442705355	4.59165577905e-07	121.160264897
b3338	11	24.1442705355	4.59165577905e-07	121.160265357
PM0-3321	11	24.1442705355	4.59165577905e-07	121.160265816
b3339	11	24.1442705355	18.9912477636	140.151513579
PM0-9799	11	24.1442705355	4.59165577905e-07	140.151514039
b3340	11	24.1442705355	5.04836307811	145.199877117
b0955	10	6.88266638029	4.59165577905e-07	41.5120025379
PM0-10011	10	6.88266638029	4.59165577905e-07	41.512002997
b0956	10	6.88266638029	0.00128272688275	41.5132857239
b0957	10	6.88266638029	6.83684604541	48.3501317693
PM00064	10	6.88266638029	4.59165577905e-07	48.3501322285
b0958	10	6.88266638029	4.59165577905e-07	48.3501326876
PM00092	10	6.88266638029	4.59165577905e-07	48.3501331468
PM0-46336	10	6.88266638029	4.59165577905e-07	48.350133606
b0959	10	6.88266638029	4.59165577905e-07	48.3501340651
b0960	10	6.88266638029	4.59165577905e-07	48.3501345243
b0961	10	6.88266638029	0.00748396769418	48.357618492
PM0-36232	10	6.88266638029	4.59165577905e-07	48.3576189512
PM0-36233	10	6.88266638029	4.59165577905e-07	48.3576194103
b0962	10	6.88266638029	4.59165577905e-07	48.3576198695
b0963	10	6.88266638029	0.0243609594474	48.3819808289
PM0-10012	10	6.88266638029	4.59165577905e-07	48.3819812881
b0964	10	6.88266638029	4.59165577905e-07	48.3819817473
PM0-36218	10	6.88266638029	4.59165577905e-07	48.3819822064
b0965	10	6.88266638029	4.59165577905e-07	48.3819826656
b0966	10	6.88266638029	4.59165577905e-07	48.3819831248
b0967	10	6.88266638029	0.0126834975376	48.3946666223
b0968	10	6.88266638029	4.59165577905e-07	48.3946670815
b0969	10	6.88266638029	4.59165577905e-07	48.3946675406
b0970	10	6.88266638029	4.59165577905e-07	48.3946679998
PM0-9395	10	6.88266638029	4.59165577905e-07	48.394668459
b0971	10	6.88266638029	4.59165577905e-07	48.3946689181
b1913	9	0.910191488255	0.000519355554807	64.4046182538
b1914	9	0.910191488255	4.59165577905e-07	64.4046187129
PM00388	9	0.910191488255	4.59165577905e-07	64.4046191721
PM00389	9	0.910191488255	4.59165577905e-07	64.4046196313
PM0-9377	9	0.910191488255	4.59165577905e-07	64.4046200904
b1915	9	0.910191488255	4.59165577905e-07	64.4046205496
b1916	9	0.910191488255	4.59165577905e-07	64.4046210088
PM0-46164	9	0.910191488255	4.59165577905e-07	64.4046214679
PM0-46369	9	0.910191488255	4.59165577905e-07	64.4046219271
sdsN	9	0.910191488255	4.59165577905e-07	64.4046223863
b1917	9	0.910191488255	0.0187628377751	64.423385224
b1918	9	0.910191488255	0.00542416602129	64.4288093901
b1919	9	0.910191488255	0.0579183134835	64.4867277035
PM0-10069	9	0.910191488255	4.59165577905e-07	64.4867281627
b1920	9	0.910191488255	0.594492395237	65.0812205579
PM0-9795	9	0.910191488255	4.59165577905e-07	65.0812210171
b1921	9	0.910191488255	4.59165577905e-07	65.0812214763
b1922	9	0.910191488255	4.6305483366e-05	65.0812677818
PM00563	9	0.910191488255	4.59165577905e-07	65.0812682409
b1923	9	0.910191488255	0.000596934539584	65.0818651755
PM0-1681	9	0.910191488255	4.59165577905e-07	65.0818656346
PM00604	9	0.910191488255	4.59165577905e-07	65.0818660938
b1924	9	0.910191488255	4.59165577905e-07	65.081866553
b1925	9	0.910191488255	4.59165577905e-07	65.0818670121
b1926	9	0.910191488255	4.59165577905e-07	65.0818674713
PM0-7803	9	0.910191488255	4.59165577905e-07	65.0818679305
b1927	9	0.910191488255	0.0102262192413	65.0920941497
b1928	9	0.910191488255	0.0451780557846	65.1372722055
b1929	9	0.910191488255	0.00171570431666	65.1389879098
b1930	9	0.910191488255	4.59165577905e-07	65.138988369
b1931	9	0.910191488255	4.59165577905e-07	65.1389888281
b1932	9	0.910191488255	4.59165577905e-07	65.1389892873
b4495	9	0.910191488255	4.59165577905e-07	65.1389897465
b1936	9	0.910191488255	4.59165577905e-07	65.1389902056
b1937	9	0.910191488255	4.59165577905e-07	65.1389906648
PM0-8720	9	0.910191488255	4.59165577905e-07	65.138991124
PM-8797	9	0.910191488255	4.59165577905e-07	65.1389915831
PM-8793	9	0.910191488255	4.59165577905e-07	65.1389920423
b1938	9	0.910191488255	4.22276331655e-05	65.1390342699
b1939	9	0.910191488255	0.00042562043649	65.1394598904
b1940	9	0.910191488255	4.59165577905e-07	65.1394603495
b1941	9	0.910191488255	4.59165577905e-07	65.1394608087
b1942	9	0.910191488255	0.000441805549557	65.1399026142
b1943	9	0.910191488255	4.59165577905e-07	65.1399030734
PM164	9	0.910191488255	4.59165577905e-07	65.1399035326
PM165	9	0.910191488255	4.59165577905e-07	65.1399039917
b1944	9	0.910191488255	4.59165577905e-07	65.1399044509
b1945	9	0.910191488255	4.59165577905e-07	65.1399049101
b1946	9	0.910191488255	4.59165577905e-07	65.1399053692
b1947	9	0.910191488255	4.59165577905e-07	65.1399058284
b1948	9	0.910191488255	4.59165577905e-07	65.1399062876
b1949	9	0.910191488255	4.59165577905e-07	65.1399067467
b1950	9	0.910191488255	4.59165577905e-07	65.1399072059
PM00636	9	0.910191488255	4.59165577905e-07	65.1399076651
b1951	9	0.910191488255	4.59165577905e-07	65.1399081242
b1952	9	0.910191488255	4.59165577905e-07	65.1399085834
b1953	9	0.910191488255	4.59165577905e-07	65.1399090426
b1954	9	0.910191488255	4.59165577905e-07	65.1399095017
PM0-10501	9	0.910191488255	4.59165577905e-07	65.1399099609
b1955	9	0.910191488255	0.00193088667959	65.1418408476
b1956	9	0.910191488255	0.000700761544883	65.1425416091
b1957	9	0.910191488255	4.59165577905e-07	65.1425420683
b1958	9	0.910191488255	4.59165577905e-07	65.1425425274
b1959	9	0.910191488255	4.59165577905e-07	65.1425429866
b1960	9	0.910191488255	4.59165577905e-07	65.1425434458
b1961	9	0.910191488255	4.59165577905e-07	65.1425439049
b1962	9	0.910191488255	4.59165577905e-07	65.1425443641
b1963	9	0.910191488255	4.59165577905e-07	65.1425448233
PM0-9468	9	0.910191488255	4.59165577905e-07	65.1425452824
b4603	9	0.910191488255	4.59165577905e-07	65.1425457416
b4496	9	0.910191488255	4.59165577905e-07	65.1425462008
PM0-9580	9	0.910191488255	4.59165577905e-07	65.1425466599
b1967	9	0.910191488255	0.0324816180222	65.175028278
b1968	9	0.910191488255	4.59165577905e-07	65.1750287371
b1969	9	0.910191488255	4.59165577905e-07	65.1750291963
PM0-45171	9	0.910191488255	4.59165577905e-07	65.1750296555
b1970	9	0.910191488255	0.0098359657616	65.1848656212
b1971	9	0.910191488255	0.00118755025256	65.1860531715
b1972	9	0.910191488255	4.59165577905e-07	65.1860536306
PM0-8710	9	0.910191488255	4.59165577905e-07	65.1860540898
b1973	9	0.910191488255	0.00110131639769	65.1871554062
b1974	9	0.910191488255	4.59165577905e-07	65.1871558654
b1975	9	0.910191488255	4.59165577905e-07	65.1871563245
PM00668	9	0.910191488255	4.59165577905e-07	65.1871567837
b1976	9	0.910191488255	0.0216335182893	65.208790302
PM00649	9	0.910191488255	4.59165577905e-07	65.2087907611
b1977	9	0.910191488255	4.59165577905e-07	65.2087912203
b1978	9	0.910191488255	4.59165577905e-07	65.2087916795
b4497	9	0.910191488255	4.59165577905e-07	65.2087921386
PM0-46175	9	0.910191488255	4.59165577905e-07	65.2087925978
b1981	9	0.910191488255	0.00236653254426	65.2111591304
PM00391	9	0.910191488255	4.59165577905e-07	65.2111595895
b1982	9	0.910191488255	4.59165577905e-07	65.2111600487
b1983	9	0.910191488255	0.0880755015819	65.2992355503
b1984	9	0.910191488255	4.59165577905e-07	65.2992360094
b1985	9	0.910191488255	4.59165577905e-07	65.2992364686
PM00650	9	0.910191488255	4.59165577905e-07	65.2992369278
b1986	9	0.910191488255	4.59165577905e-07	65.2992373869
b1987	9	0.910191488255	4.59165577905e-07	65.2992378461
PM326	9	0.910191488255	4.59165577905e-07	65.2992383053
b1988	9	0.910191488255	4.59165577905e-07	65.2992387644
PM65	9	0.910191488255	4.59165577905e-07	65.2992392236
PM00651	9	0.910191488255	4.59165577905e-07	65.2992396828
b1989	9	0.910191488255	4.59165577905e-07	65.2992401419
b1990	9	0.910191488255	0.00364102748331	65.3028811694
b1991	9	0.910191488255	4.59165577905e-07	65.3028816286
b1992	9	0.910191488255	4.59165577905e-07	65.3028820877
b1993	9	0.910191488255	4.59165577905e-07	65.3028825469
PM0-8751	9	0.910191488255	4.59165577905e-07	65.3028830061
b4639	9	0.910191488255	4.59165577905e-07	65.3028834652
b1994	9	0.910191488255	4.59165577905e-07	65.3028839244
b4640	9	0.910191488255	4.59165577905e-07	65.3028843836
b4641	9	0.910191488255	4.59165577905e-07	65.3028848427
b4582	9	0.910191488255	4.59165577905e-07	65.3028853019
b1996	9	0.910191488255	4.59165577905e-07	65.3028857611
b1997	9	0.910191488255	4.59165577905e-07	65.3028862202
b1999	9	0.910191488255	4.59165577905e-07	65.3028866794
PM0-2881	9	0.910191488255	4.59165577905e-07	65.3028871386
b4435	9	0.910191488255	4.59165577905e-07	65.3028875977
PM0-10071	9	0.910191488255	4.59165577905e-07	65.3028880569
b2000	9	0.910191488255	0.0105401099873	65.3134281669
b2001	9	0.910191488255	4.59165577905e-07	65.313428626
b2002	9	0.910191488255	4.59165577905e-07	65.3134290852
b2003	9	0.910191488255	4.59165577905e-07	65.3134295444
b2004	9	0.910191488255	4.59165577905e-07	65.3134300035
b2005	9	0.910191488255	4.59165577905e-07	65.3134304627
b2006	9	0.910191488255	4.59165577905e-07	65.3134309219
b4642	9	0.910191488255	4.59165577905e-07	65.313431381
b4538	9	0.910191488255	4.59165577905e-07	65.3134318402
b2007	9	0.910191488255	4.59165577905e-07	65.3134322994
b2008	9	0.910191488255	4.59165577905e-07	65.3134327585
b2009	9	0.910191488255	4.59165577905e-07	65.3134332177
PM0-10073	9	0.910191488255	4.59165577905e-07	65.3134336769
b2010	9	0.910191488255	4.59165577905e-07	65.313434136
PM00396	9	0.910191488255	4.59165577905e-07	65.3134345952
b2011	9	0.910191488255	4.59165577905e-07	65.3134350544
b2012	9	0.910191488255	4.59165577905e-07	65.3134355135
b2013	9	0.910191488255	0.00137009600818	65.3148056095
PM0-10075	9	0.910191488255	4.59165577905e-07	65.3148060687
b2014	9	0.910191488255	4.59165577905e-07	65.3148065279
b4678	9	0.910191488255	4.59165577905e-07	65.314806987
b2015	9	0.910191488255	4.59165577905e-07	65.3148074462
b2016	9	0.910191488255	4.59165577905e-07	65.3148079054
b4539	9	0.910191488255	4.59165577905e-07	65.3148083645
b2017	9	0.910191488255	4.59165577905e-07	65.3148088237
PM0-10318	9	0.910191488255	4.59165577905e-07	65.3148092829
PM0-7141	9	0.910191488255	4.59165577905e-07	65.314809742
PM00100	8	0.0949279533945	4.59165577905e-07	163.491640603
b3813	8	0.0949279533945	4.59165577905e-07	163.491641062
b4482	8	0.0949279533945	4.59165577905e-07	163.491641521
PM00602	8	0.0949279533945	4.59165577905e-07	163.491641981
b3816	8	0.0949279533945	0.0167676853121	163.508409666
b3817	8	0.0949279533945	4.59165577905e-07	163.508410125
b3818	8	0.0949279533945	4.59165577905e-07	163.508410584
b3819	8	0.0949279533945	4.59165577905e-07	163.508411043
b3820	8	0.0949279533945	4.59165577905e-07	163.508411503
PM0-10162	8	0.0949279533945	4.59165577905e-07	163.508411962
PM0-10360	8	0.0949279533945	4.59165577905e-07	163.508412421
b3821	8	0.0949279533945	0.00140321999232	163.509815641
b3822	8	0.0949279533945	4.59165577905e-07	163.5098161
b3823	8	0.0949279533945	4.59165577905e-07	163.509816559
b3824	8	0.0949279533945	4.59165577905e-07	163.509817018
b3825	8	0.0949279533945	4.59165577905e-07	163.509817478
b3826	8	0.0949279533945	4.59165577905e-07	163.509817937
b3827	8	0.0949279533945	4.59165577905e-07	163.509818396
b3828	8	0.0949279533945	0.00262706550145	163.512445461
PM0-8603	8	0.0949279533945	4.59165577905e-07	163.512445921
PM0-8601	8	0.0949279533945	4.59165577905e-07	163.51244638
b3829	8	0.0949279533945	4.59165577905e-07	163.512446839
b3830	8	0.0949279533945	4.59165577905e-07	163.512447298
PM0-9097	8	0.0949279533945	4.59165577905e-07	163.512447757
PM00179	8	0.0949279533945	4.59165577905e-07	163.512448216
b3831	8	0.0949279533945	0.07411942178	163.586567638
b3832	8	0.0949279533945	4.59165577905e-07	163.586568097
b3833	8	0.0949279533945	4.59165577905e-07	163.586568557
PM0-10091	7	4.19366640413	4.59165577905e-07	73.5895635143
b2414	7	4.19366640413	4.19366594496	77.7832294593
PM00633	7	4.19366640413	4.59165577905e-07	77.7832299185
b0433	6	2.83457780068	4.59165577905e-07	17.8982804851
b0434	6	2.83457780068	0.177742387456	18.0760228726
PM0-46359	6	2.83457780068	4.59165577905e-07	18.0760233317
PM0-9325	6	2.83457780068	4.59165577905e-07	18.0760237909
b0435	6	2.83457780068	4.59165577905e-07	18.07602425
PM0-9980	6	2.83457780068	4.59165577905e-07	18.0760247092
b0436	6	2.83457780068	2.043075612	20.1191003212
PM00339	6	2.83457780068	4.59165577905e-07	20.1191007804
PM0-9744	6	2.83457780068	4.59165577905e-07	20.1191012395
PM00569	6	2.83457780068	4.59165577905e-07	20.1191016987
b0437	6	2.83457780068	0.339141310188	20.4582430089
PM0-9696	6	2.83457780068	4.59165577905e-07	20.4582434681
b0438	6	2.83457780068	4.59165577905e-07	20.4582439272
sraA	6	2.83457780068	4.59165577905e-07	20.4582443864
PM00511	6	2.83457780068	4.59165577905e-07	20.4582448456
b0439	6	2.83457780068	0.165259623729	20.6235044693
PM590	6	2.83457780068	4.59165577905e-07	20.6235049285
b0440	6	2.83457780068	4.59165577905e-07	20.6235053876
PM00615	6	2.83457780068	4.59165577905e-07	20.6235058468
b0441	6	2.83457780068	0.105425560666	20.7289314075
b0442	6	2.83457780068	4.59165577905e-07	20.7289318666
PM0-44483	6	2.83457780068	4.59165577905e-07	20.7289323258
b0443	6	2.83457780068	4.59165577905e-07	20.7289327849
b0444	6	2.83457780068	4.59165577905e-07	20.7289332441
b0445	6	2.83457780068	4.59165577905e-07	20.7289337033
b0446	6	2.83457780068	4.59165577905e-07	20.7289341624
PM0-10221	6	2.83457780068	4.59165577905e-07	20.7289346216
b0447	6	2.83457780068	4.59165577905e-07	20.7289350808
b0448	6	2.83457780068	4.59165577905e-07	20.7289355399
b0449	6	2.83457780068	4.59165577905e-07	20.7289359991
PM687	6	2.83457780068	4.59165577905e-07	20.7289364583
b0450	6	2.83457780068	4.59165577905e-07	20.7289369174
b0451	6	2.83457780068	0.0039209091718	20.7328578266
b0452	6	2.83457780068	4.59165577905e-07	20.7328582858
b3465	5	2.35459208769	4.59165577905e-07	150.80882267
b3466	5	2.35459208769	4.59165577905e-07	150.808823129
b3467	5	2.35459208769	4.59165577905e-07	150.808823588
b3468	5	2.35459208769	4.59165577905e-07	150.808824047
PM0-4863	5	2.35459208769	4.59165577905e-07	150.808824507
b3469	5	2.35459208769	0.0014759564433	150.810300463
b3470	5	2.35459208769	0.00614054882167	150.816441012
b3471	5	2.35459208769	4.59165577905e-07	150.816441471
b3472	5	2.35459208769	0.0713856220747	150.887827093
b3473	5	2.35459208769	4.59165577905e-07	150.887827552
b3474	5	2.35459208769	4.59165577905e-07	150.887828011
b3475	5	2.35459208769	4.59165577905e-07	150.887828471
PM0-10466	5	2.35459208769	4.59165577905e-07	150.88782893
PM881	5	2.35459208769	4.59165577905e-07	150.887829389
b3476	5	2.35459208769	0.000408682188191	150.888238071
b3477	5	2.35459208769	4.59165577905e-07	150.88823853
b3478	5	2.35459208769	0.000125578012156	150.888364108
b3479	5	2.35459208769	4.59165577905e-07	150.888364568
b3480	5	2.35459208769	4.59165577905e-07	150.888365027
PM786	5	2.35459208769	4.59165577905e-07	150.888365486
b3481	5	2.35459208769	4.59165577905e-07	150.888365945
b3482	5	2.35459208769	4.59165577905e-07	150.888366404
b3483	5	2.35459208769	4.59165577905e-07	150.888366863
b4552	5	2.35459208769	4.59165577905e-07	150.888367322
b3484	5	2.35459208769	4.59165577905e-07	150.888367782
b3485	5	2.35459208769	4.59165577905e-07	150.888368241
b3486	5	2.35459208769	4.59165577905e-07	150.8883687
b3487	5	2.35459208769	4.59165577905e-07	150.888369159
b3488	5	2.35459208769	4.59165577905e-07	150.888369618
b4660	5	2.35459208769	4.59165577905e-07	150.888370077
PM0-36192	5	2.35459208769	4.59165577905e-07	150.888370537
b3491	5	2.35459208769	4.59165577905e-07	150.888370996
b3492	5	2.35459208769	4.59165577905e-07	150.888371455
PM0-8927	5	2.35459208769	4.59165577905e-07	150.888371914
b3493	5	2.35459208769	0.0184617294836	150.906833644
b3494	5	2.35459208769	4.59165577905e-07	150.906834103
PM0-1358	5	2.35459208769	4.59165577905e-07	150.906834562
PM00451	5	2.35459208769	4.59165577905e-07	150.906835021
b3495	5	2.35459208769	0.986787246067	151.893622267
b3496	5	2.35459208769	4.59165577905e-07	151.893622726
b3497	5	2.35459208769	0.00162488075999	151.895247607
b3498	5	2.35459208769	4.59165577905e-07	151.895248066
PM0-9720	5	2.35459208769	4.59165577905e-07	151.895248525
PM0-10146	5	2.35459208769	4.59165577905e-07	151.895248985
b3499	5	2.35459208769	4.59165577905e-07	151.895249444
PM0-15	5	2.35459208769	4.59165577905e-07	151.895249903
b3500	5	2.35459208769	0.0787486121733	151.973998515
b4613	5	2.35459208769	4.59165577905e-07	151.973998974
PM0-8643	5	2.35459208769	4.59165577905e-07	151.973999433
PM0-46267	5	2.35459208769	4.59165577905e-07	151.973999893
b4712	5	2.35459208769	4.59165577905e-07	151.974000352
PM0-46268	5	2.35459208769	4.59165577905e-07	151.974000811
b4713	5	2.35459208769	4.59165577905e-07	151.97400127
PM336	5	2.35459208769	4.59165577905e-07	151.974001729
b3501	5	2.35459208769	4.59165577905e-07	151.974002188
b3502	5	2.35459208769	4.59165577905e-07	151.974002648
b3503	5	2.35459208769	4.59165577905e-07	151.974003107
b3504	5	2.35459208769	4.59165577905e-07	151.974003566
b3505	5	2.35459208769	4.59165577905e-07	151.974004025
PM00137	5	2.35459208769	4.59165577905e-07	151.974004484
b3506	5	2.35459208769	0.0213153764963	151.995319861
b3507	5	2.35459208769	4.59165577905e-07	151.99532032
b3508	5	2.35459208769	4.59165577905e-07	151.995320779
b3509	5	2.35459208769	0.00149612181136	151.996816901
b3510	5	2.35459208769	0.0412377155805	152.038054616
PM928	5	2.35459208769	4.59165577905e-07	152.038055076
PM0-5143	5	2.35459208769	4.59165577905e-07	152.038055535
b3511	5	2.35459208769	0.000121005817164	152.038176541
PM0-10349	5	2.35459208769	4.59165577905e-07	152.038177
b4704	5	2.35459208769	4.59165577905e-07	152.038177459
PM0-36220	5	2.35459208769	4.59165577905e-07	152.038177918
PM0-10366	5	2.35459208769	4.59165577905e-07	152.038178377
PM0-5141	5	2.35459208769	4.59165577905e-07	152.038178836
PM0-5982	5	2.35459208769	4.59165577905e-07	152.038179296
b3512	5	2.35459208769	4.59165577905e-07	152.038179755
PM0-10251	5	2.35459208769	4.59165577905e-07	152.038180214
b3513	5	2.35459208769	0.0010564267632	152.039236641
b3514	5	2.35459208769	3.18624505217e-06	152.039239827
b3515	5	2.35459208769	4.59165577905e-07	152.039240286
PM0-10288	5	2.35459208769	4.59165577905e-07	152.039240745
PM0-6061	5	2.35459208769	4.59165577905e-07	152.039241204
b4452	5	2.35459208769	4.59165577905e-07	152.039241664
b3516	5	2.35459208769	4.59165577905e-07	152.039242123
PM0-2441	5	2.35459208769	4.59165577905e-07	152.039242582
b3517	5	2.35459208769	0.00234616311587	152.041588745
PM461	5	2.35459208769	4.59165577905e-07	152.041589204
b3518	5	2.35459208769	4.59165577905e-07	152.041589663
PM0-9588	5	2.35459208769	4.59165577905e-07	152.041590123
PM0-46122	5	2.35459208769	4.59165577905e-07	152.041590582
b3519	5	2.35459208769	4.59165577905e-07	152.041591041
b3520	5	2.35459208769	4.59165577905e-07	152.0415915
PM0-10468	5	2.35459208769	4.59165577905e-07	152.041591959
b3521	5	2.35459208769	4.59165577905e-07	152.041592418
b3522	5	2.35459208769	0.00158354087799	152.043175959
b3523	5	2.35459208769	0.0365998101301	152.079775769
b3524	5	2.35459208769	0.00198345694577	152.081759226
PM0-9766	5	2.35459208769	4.59165577905e-07	152.081759686
b3525	5	2.35459208769	4.59165577905e-07	152.081760145
PM0-1730	5	2.35459208769	4.59165577905e-07	152.081760604
b3526	5	2.35459208769	4.59165577905e-07	152.081761063
b3527	5	2.35459208769	0.00987382791646	152.091634891
PM-8803	5	2.35459208769	4.59165577905e-07	152.09163535
b3528	5	2.35459208769	0.00347500069439	152.095110351
PM0-1621	5	2.35459208769	4.59165577905e-07	152.09511081
b3529	5	2.35459208769	0.000492657833873	152.095603468
b3530	5	2.35459208769	4.59165577905e-07	152.095603927
b3531	5	2.35459208769	4.59165577905e-07	152.095604386
b3532	5	2.35459208769	4.59165577905e-07	152.095604845
PM0-8735	5	2.35459208769	4.59165577905e-07	152.095605304
b3533	5	2.35459208769	4.59165577905e-07	152.095605764
b3534	5	2.35459208769	4.59165577905e-07	152.095606223
b3535	5	2.35459208769	4.59165577905e-07	152.095606682
PM0-46354	5	2.35459208769	4.59165577905e-07	152.095607141
PM0-46353	5	2.35459208769	4.59165577905e-07	152.0956076
b3536	5	2.35459208769	4.59165577905e-07	152.095608059
b3537	5	2.35459208769	4.59165577905e-07	152.095608519
b3538	5	2.35459208769	0.00435808739956	152.099966606
b4453	5	2.35459208769	4.59165577905e-07	152.099967065
PM0-9604	5	2.35459208769	4.59165577905e-07	152.099967524
PM0-9605	5	2.35459208769	4.59165577905e-07	152.099967984
b4454	5	2.35459208769	4.59165577905e-07	152.099968443
b3539	5	2.35459208769	4.59165577905e-07	152.099968902
b3540	5	2.35459208769	0.0175130222093	152.117481924
b3541	5	2.35459208769	0.0217943765676	152.139276301
b3542	5	2.35459208769	0.00264527841017	152.141921579
b3543	5	2.35459208769	0.00106294824123	152.142984527
b3544	5	2.35459208769	0.489094927583	152.632079455
PM00546	5	2.35459208769	4.59165577905e-07	152.632079914
b3545	5	2.35459208769	4.59165577905e-07	152.632080373
PM00674	5	2.35459208769	4.59165577905e-07	152.632080832
b3546	5	2.35459208769	6.78247346803e-05	152.632148657
PM0-10506	5	2.35459208769	4.59165577905e-07	152.632149116
b3547	5	2.35459208769	4.59165577905e-07	152.632149575
PM0-46200	5	2.35459208769	4.59165577905e-07	152.632150035
b3548	5	2.35459208769	4.59165577905e-07	152.632150494
b3549	5	2.35459208769	4.59165577905e-07	152.632150953
b3550	5	2.35459208769	4.59165577905e-07	152.632151412
b3551	5	2.35459208769	4.59165577905e-07	152.632151871
b3552	5	2.35459208769	0.0120974288557	152.6442493
b3553	5	2.35459208769	0.115005692302	152.759254992
b3554	5	2.35459208769	4.59165577905e-07	152.759255452
PM0-10148	5	2.35459208769	4.59165577905e-07	152.759255911
PM0-8525	5	2.35459208769	4.59165577905e-07	152.75925637
b3555	5	2.35459208769	4.59165577905e-07	152.759256829
PM00452	5	2.35459208769	4.59165577905e-07	152.759257288
b3556	5	2.35459208769	0.0302056050942	152.789462893
b4647	5	2.35459208769	4.59165577905e-07	152.789463353
b4455	5	2.35459208769	4.59165577905e-07	152.789463812
b3557	5	2.35459208769	4.59165577905e-07	152.789464271
PM0-8642	5	2.35459208769	4.59165577905e-07	152.78946473
b3558	5	2.35459208769	4.59165577905e-07	152.789465189
b4614	5	2.35459208769	4.59165577905e-07	152.789465648
b3559	5	2.35459208769	0.373949109335	153.163414758
b4493	4	1.42959234843	4.59165577905e-07	53.4992062649
b1418	4	1.42959234843	4.59165577905e-07	53.499206724
b4597	4	1.42959234843	4.59165577905e-07	53.4992071832
PM0-9545	4	1.42959234843	4.59165577905e-07	53.4992076423
b1419	4	1.42959234843	4.59165577905e-07	53.4992081015
b4428	4	1.42959234843	4.59165577905e-07	53.4992085607
b1420	4	1.42959234843	4.59165577905e-07	53.4992090198
PM0-46364	4	1.42959234843	4.59165577905e-07	53.499209479
b4429	4	1.42959234843	4.59165577905e-07	53.4992099382
PM0-10039	4	1.42959234843	4.59165577905e-07	53.4992103973
b1421	4	1.42959234843	9.91277230778e-06	53.4992203101
b1422	4	1.42959234843	4.59165577905e-07	53.4992207693
PM0-36238	4	1.42959234843	4.59165577905e-07	53.4992212284
b1423	4	1.42959234843	4.59165577905e-07	53.4992216876
b1424	4	1.42959234843	0.00797023911296	53.5071919267
b1426	4	1.42959234843	4.59165577905e-07	53.5071923859
PM00370	4	1.42959234843	4.59165577905e-07	53.5071928451
b1427	4	1.42959234843	0.00255418540983	53.5097470305
b1428	4	1.42959234843	4.59165577905e-07	53.5097474896
PM-8830	4	1.42959234843	4.59165577905e-07	53.5097479488
b1429	4	1.42959234843	4.59165577905e-07	53.509748408
b1430	4	1.42959234843	0.00806454384363	53.5178129518
b1431	4	1.42959234843	0.0595315171734	53.577344469
b4578	4	1.42959234843	4.59165577905e-07	53.5773449281
b1432	4	1.42959234843	4.59165577905e-07	53.5773453873
b1433	4	1.42959234843	4.59165577905e-07	53.5773458465
PM0-46335	4	1.42959234843	4.59165577905e-07	53.5773463056
b1434	4	1.42959234843	4.59165577905e-07	53.5773467648
b1435	4	1.42959234843	4.59165577905e-07	53.577347224
b1436	4	1.42959234843	4.59165577905e-07	53.5773476831
PM0-10389	4	1.42959234843	4.59165577905e-07	53.5773481423
b4532	4	1.42959234843	4.59165577905e-07	53.5773486015
b1438	4	1.42959234843	4.59165577905e-07	53.5773490606
PM0-10040	4	1.42959234843	4.59165577905e-07	53.5773495198
b1439	4	1.42959234843	4.59165577905e-07	53.577349979
PM0-46279	4	1.42959234843	4.59165577905e-07	53.5773504381
b1440	4	1.42959234843	0.0059842983772	53.5833347365
b1441	4	1.42959234843	4.59165577905e-07	53.5833351957
b1442	4	1.42959234843	4.59165577905e-07	53.5833356548
b1443	4	1.42959234843	4.59165577905e-07	53.583336114
b1444	4	1.42959234843	4.59165577905e-07	53.5833365732
b4598	4	1.42959234843	4.59165577905e-07	53.5833370323
b1445	4	1.42959234843	4.59165577905e-07	53.5833374915
b1446	4	1.42959234843	4.59165577905e-07	53.5833379507
b1447	4	1.42959234843	4.59165577905e-07	53.5833384098
b1448	4	1.42959234843	4.59165577905e-07	53.583338869
b1449	4	1.42959234843	4.59165577905e-07	53.5833393282
b1450	4	1.42959234843	4.59165577905e-07	53.5833397873
b1451	4	1.42959234843	0.000753828300496	53.5840936156
PM0-10041	4	1.42959234843	4.59165577905e-07	53.5840940748
b1452	4	1.42959234843	0.22198624115	53.8060803159
b1453	4	1.42959234843	4.59165577905e-07	53.8060807751
PM0-8528	4	1.42959234843	4.59165577905e-07	53.8060812343
PM0-10042	4	1.42959234843	4.59165577905e-07	53.8060816934
b1454	4	1.42959234843	4.59165577905e-07	53.8060821526
b1455	4	1.42959234843	4.59165577905e-07	53.8060826118
b1456	4	1.42959234843	4.59165577905e-07	53.8060830709
b1457	4	1.42959234843	4.59165577905e-07	53.8060835301
b1459	4	1.42959234843	4.59165577905e-07	53.8060839893
b1460	4	1.42959234843	4.59165577905e-07	53.8060844484
b1461	4	1.42959234843	4.59165577905e-07	53.8060849076
b1462	4	1.42959234843	4.59165577905e-07	53.8060853668
b1463	4	1.42959234843	4.59165577905e-07	53.8060858259
b1464	4	1.42959234843	4.59165577905e-07	53.8060862851
b1465	4	1.42959234843	4.59165577905e-07	53.8060867443
b1466	4	1.42959234843	4.59165577905e-07	53.8060872034
b1467	4	1.42959234843	4.59165577905e-07	53.8060876626
PM-8813	4	1.42959234843	4.59165577905e-07	53.8060881218
b1468	4	1.42959234843	4.59165577905e-07	53.8060885809
b1469	4	1.42959234843	4.59165577905e-07	53.8060890401
PM0-2841	4	1.42959234843	4.59165577905e-07	53.8060894993
b1471	4	1.42959234843	4.59165577905e-07	53.8060899584
b1472	4	1.42959234843	4.59165577905e-07	53.8060904176
b1473	4	1.42959234843	4.59165577905e-07	53.8060908768
PM0-10383	4	1.42959234843	4.59165577905e-07	53.8060913359
PM00217	4	1.42959234843	4.59165577905e-07	53.8060917951
b1474	4	1.42959234843	4.59165577905e-07	53.8060922543
b1475	4	1.42959234843	4.59165577905e-07	53.8060927134
b1476	4	1.42959234843	4.59165577905e-07	53.8060931726
b1477	4	1.42959234843	4.59165577905e-07	53.8060936317
b1478	4	1.42959234843	4.59165577905e-07	53.8060940909
b1479	4	1.42959234843	4.59165577905e-07	53.8060945501
b1480	4	1.42959234843	4.59165577905e-07	53.8060950092
PM0-4141	4	1.42959234843	4.59165577905e-07	53.8060954684
b1481	4	1.42959234843	4.59165577905e-07	53.8060959276
PM0-7481	4	1.42959234843	4.59165577905e-07	53.8060963867
PM00544	4	1.42959234843	4.59165577905e-07	53.8060968459
b1482	4	1.42959234843	0.189969071724	53.9960659176
b1483	4	1.42959234843	4.59165577905e-07	53.9960663768
b1484	4	1.42959234843	4.59165577905e-07	53.996066836
b1485	4	1.42959234843	4.59165577905e-07	53.9960672951
b1486	4	1.42959234843	4.59165577905e-07	53.9960677543
b1487	4	1.42959234843	0.0014494788018	53.9975172331
b1488	4	1.42959234843	4.59165577905e-07	53.9975176923
PM0-46160	4	1.42959234843	4.59165577905e-07	53.9975181514
b1489	4	1.42959234843	4.59165577905e-07	53.9975186106
b1490	4	1.42959234843	4.59165577905e-07	53.9975190698
b1491	4	1.42959234843	4.59165577905e-07	53.9975195289
b1492	4	1.42959234843	0.00566539473533	54.0031849237
b1493	4	1.42959234843	0.000445195754988	54.0036301194
PM450	4	1.42959234843	4.59165577905e-07	54.0036305786
b1494	4	1.42959234843	4.59165577905e-07	54.0036310377
b1495	4	1.42959234843	4.59165577905e-07	54.0036314969
b1496	4	1.42959234843	4.59165577905e-07	54.0036319561
b1497	4	1.42959234843	4.59165577905e-07	54.0036324152
b1498	4	1.42959234843	4.59165577905e-07	54.0036328744
PM0-44963	4	1.42959234843	4.59165577905e-07	54.0036333336
b1499	4	1.42959234843	4.59165577905e-07	54.0036337927
b1500	4	1.42959234843	4.59165577905e-07	54.0036342519
PM0-9828	4	1.42959234843	4.59165577905e-07	54.0036347111
b1501	4	1.42959234843	4.59165577905e-07	54.0036351702
PM0-9849	4	1.42959234843	4.59165577905e-07	54.0036356294
b1502	4	1.42959234843	4.59165577905e-07	54.0036360886
b1503	4	1.42959234843	4.59165577905e-07	54.0036365477
b1504	4	1.42959234843	4.59165577905e-07	54.0036370069
b1505	4	1.42959234843	4.59165577905e-07	54.0036374661
b1506	4	1.42959234843	4.59165577905e-07	54.0036379252
b1507	4	1.42959234843	4.59165577905e-07	54.0036383844
b1508	4	1.42959234843	4.59165577905e-07	54.0036388436
PM0-8864	4	1.42959234843	4.59165577905e-07	54.0036393027
b4696	4	1.42959234843	4.59165577905e-07	54.0036397619
b1511	4	1.42959234843	0.000537164444504	54.0041769263
b1512	4	1.42959234843	4.59165577905e-07	54.0041773855
PM0-10233	4	1.42959234843	4.59165577905e-07	54.0041778447
PM0-8241	4	1.42959234843	4.59165577905e-07	54.0041783038
b1513	4	1.42959234843	5.56632891864e-07	54.0041788605
b1514	4	1.42959234843	4.59165577905e-07	54.0041793196
b1515	4	1.42959234843	4.59165577905e-07	54.0041797788
b1516	4	1.42959234843	0.00518922706612	54.0093690059
b1517	4	1.42959234843	0.00401845452142	54.0133874604
b1518	4	1.42959234843	1.01050309855e-05	54.0133975654
PM0-9760	4	1.42959234843	4.59165577905e-07	54.0133980246
b1519	4	1.42959234843	0.00464494302463	54.0180429676
b1520	4	1.42959234843	4.59165577905e-07	54.0180434268
b1521	4	1.42959234843	4.59165577905e-07	54.0180438859
PM0-36188	4	1.42959234843	4.59165577905e-07	54.0180443451
b1522	4	1.42959234843	4.59165577905e-07	54.0180448043
b1523	4	1.42959234843	4.59165577905e-07	54.0180452634
b1524	4	1.42959234843	4.59165577905e-07	54.0180457226
b1525	4	1.42959234843	4.59165577905e-07	54.0180461818
b1526	4	1.42959234843	4.59165577905e-07	54.0180466409
b1527	4	1.42959234843	4.59165577905e-07	54.0180471001
PM0-1581	4	1.42959234843	4.59165577905e-07	54.0180475593
b1528	4	1.42959234843	4.59165577905e-07	54.0180480184
b1529	4	1.42959234843	4.59165577905e-07	54.0180484776
PM0-9954	4	1.42959234843	4.59165577905e-07	54.0180489368
PM00265	4	1.42959234843	4.59165577905e-07	54.0180493959
b1530	4	1.42959234843	4.59165577905e-07	54.0180498551
b1531	4	1.42959234843	4.59165577905e-07	54.0180503143
b1532	4	1.42959234843	4.59165577905e-07	54.0180507734
b1533	4	1.42959234843	4.59165577905e-07	54.0180512326
b1534	4	1.42959234843	4.59165577905e-07	54.0180516918
PM0-10505	4	1.42959234843	4.59165577905e-07	54.0180521509
b4599	4	1.42959234843	4.59165577905e-07	54.0180526101
b4698	4	1.42959234843	4.59165577905e-07	54.0180530692
PM0-10504	4	1.42959234843	4.59165577905e-07	54.0180535284
b1535	4	1.42959234843	4.59165577905e-07	54.0180539876
PM0-9401	4	1.42959234843	4.59165577905e-07	54.0180544467
b1536	4	1.42959234843	4.59165577905e-07	54.0180549059
PM0-44976	4	1.42959234843	4.59165577905e-07	54.0180553651
PM0-10367	4	1.42959234843	4.59165577905e-07	54.0180558242
b1537	4	1.42959234843	4.59165577905e-07	54.0180562834
b1538	4	1.42959234843	0.0759597485634	54.094016032
PM0-10044	4	1.42959234843	4.59165577905e-07	54.0940164911
b1539	4	1.42959234843	4.59165577905e-07	54.0940169503
PM0-10045	4	1.42959234843	4.59165577905e-07	54.0940174095
b1540	4	1.42959234843	4.59165577905e-07	54.0940178686
b1541	4	1.42959234843	4.59165577905e-07	54.0940183278
b1542	4	1.42959234843	4.59165577905e-07	54.094018787
b4600	4	1.42959234843	4.59165577905e-07	54.0940192461
PM0-36239	4	1.42959234843	4.59165577905e-07	54.0940197053
b1544	4	1.42959234843	4.59165577905e-07	54.0940201645
b1545	4	1.42959234843	4.59165577905e-07	54.0940206236
b1546	4	1.42959234843	4.59165577905e-07	54.0940210828
b1547	4	1.42959234843	4.59165577905e-07	54.094021542
b1548	4	1.42959234843	4.59165577905e-07	54.0940220011
PM0-8061	4	1.42959234843	4.59165577905e-07	54.0940224603
b4533	4	1.42959234843	4.59165577905e-07	54.0940229195
b1549	4	1.42959234843	4.59165577905e-07	54.0940233786
b1550	4	1.42959234843	4.59165577905e-07	54.0940238378
PM0-10046	4	1.42959234843	4.59165577905e-07	54.094024297
b1551	4	1.42959234843	4.59165577905e-07	54.0940247561
b1552	4	1.42959234843	4.59165577905e-07	54.0940252153
PM0-7321	4	1.42959234843	4.59165577905e-07	54.0940256744
b1553	4	1.42959234843	4.59165577905e-07	54.0940261336
b4689	4	1.42959234843	4.59165577905e-07	54.0940265928
b1554	4	1.42959234843	4.59165577905e-07	54.0940270519
b1555	4	1.42959234843	4.59165577905e-07	54.0940275111
b1556	4	1.42959234843	4.59165577905e-07	54.0940279703
b1557	4	1.42959234843	4.59165577905e-07	54.0940284294
b1558	4	1.42959234843	4.59165577905e-07	54.0940288886
b1559	4	1.42959234843	4.59165577905e-07	54.0940293478
b1560	4	1.42959234843	4.59165577905e-07	54.0940298069
b1561	4	1.42959234843	4.59165577905e-07	54.0940302661
b1562	4	1.42959234843	4.59165577905e-07	54.0940307253
b1563	4	1.42959234843	4.59165577905e-07	54.0940311844
b1564	4	1.42959234843	4.59165577905e-07	54.0940316436
PM0-9527	4	1.42959234843	4.59165577905e-07	54.0940321028
b1565	4	1.42959234843	4.59165577905e-07	54.0940325619
PM0-1661	4	1.42959234843	4.59165577905e-07	54.0940330211
b1566	4	1.42959234843	4.59165577905e-07	54.0940334803
b1567	4	1.42959234843	4.59165577905e-07	54.0940339394
b1568	4	1.42959234843	4.59165577905e-07	54.0940343986
b1569	4	1.42959234843	4.59165577905e-07	54.0940348578
PM0-46242	4	1.42959234843	4.59165577905e-07	54.0940353169
b1570	4	1.42959234843	4.59165577905e-07	54.0940357761
PM0-44991	4	1.42959234843	4.59165577905e-07	54.0940362353
b1571	4	1.42959234843	4.59165577905e-07	54.0940366944
b1572	4	1.42959234843	4.59165577905e-07	54.0940371536
b1573	4	1.42959234843	4.59165577905e-07	54.0940376128
b1574	4	1.42959234843	4.59165577905e-07	54.0940380719
PM0-9327	4	1.42959234843	4.59165577905e-07	54.0940385311
b1575	4	1.42959234843	4.59165577905e-07	54.0940389902
b1576	4	1.42959234843	4.59165577905e-07	54.0940394494
b1577	4	1.42959234843	4.59165577905e-07	54.0940399086
b1578	4	1.42959234843	4.59165577905e-07	54.0940403677
b1579	4	1.42959234843	4.59165577905e-07	54.0940408269
b1580	4	1.42959234843	4.59165577905e-07	54.0940412861
b1581	4	1.42959234843	4.59165577905e-07	54.0940417452
b1582	4	1.42959234843	4.59165577905e-07	54.0940422044
PM0-10047	4	1.42959234843	4.59165577905e-07	54.0940426636
b1583	4	1.42959234843	4.59165577905e-07	54.0940431227
b1584	4	1.42959234843	0.00355647273621	54.0975995955
b1585	4	1.42959234843	4.59165577905e-07	54.0976000546
b1586	4	1.42959234843	4.59165577905e-07	54.0976005138
PM0-5721	4	1.42959234843	4.59165577905e-07	54.097600973
b1587	4	1.42959234843	4.59165577905e-07	54.0976014321
b1588	4	1.42959234843	6.13410497312e-07	54.0976020455
b1589	4	1.42959234843	4.59165577905e-07	54.0976025047
b1590	4	1.42959234843	4.59165577905e-07	54.0976029639
b1591	4	1.42959234843	0.0057848985729	54.1033878625
b1592	4	1.42959234843	4.59165577905e-07	54.1033883216
b1593	4	1.42959234843	0.000230803940532	54.1036191256
b1594	4	1.42959234843	4.59165577905e-07	54.1036195847
PM935	4	1.42959234843	4.59165577905e-07	54.1036200439
PM934	4	1.42959234843	4.59165577905e-07	54.1036205031
b1595	4	1.42959234843	4.59165577905e-07	54.1036209622
PM0-36240	4	1.42959234843	4.59165577905e-07	54.1036214214
b1596	4	1.42959234843	4.59165577905e-07	54.1036218806
PM0-1881	4	1.42959234843	4.59165577905e-07	54.1036223397
b1597	4	1.42959234843	1.45924158439e-06	54.103623799
b4601	4	1.42959234843	4.59165577905e-07	54.1036242581
b1598	4	1.42959234843	4.59165577905e-07	54.1036247173
b1599	4	1.42959234843	4.59165577905e-07	54.1036251765
b1600	4	1.42959234843	4.59165577905e-07	54.1036256356
PM0-46378	4	1.42959234843	4.59165577905e-07	54.1036260948
PM0-10048	4	1.42959234843	4.59165577905e-07	54.103626554
b1601	4	1.42959234843	4.59165577905e-07	54.1036270131
b1602	4	1.42959234843	0.240594529139	54.3442215423
b1603	4	1.42959234843	0.17565878101	54.5198803233
PM124	4	1.42959234843	4.59165577905e-07	54.5198807824
b1604	4	1.42959234843	4.59165577905e-07	54.5198812416
b1605	4	1.42959234843	4.59165577905e-07	54.5198817008
b1606	4	1.42959234843	4.59165577905e-07	54.5198821599
b1607	4	1.42959234843	4.59165577905e-07	54.5198826191
PM0-8164	4	1.42959234843	4.59165577905e-07	54.5198830783
b1608	4	1.42959234843	4.59165577905e-07	54.5198835374
b1609	4	1.42959234843	4.59165577905e-07	54.5198839966
b1610	4	1.42959234843	4.59165577905e-07	54.5198844558
b1611	4	1.42959234843	0.0383784783925	54.5582629341
PM00147	4	1.42959234843	4.59165577905e-07	54.5582633933
b1612	4	1.42959234843	0.135835805276	54.6940991986
PM00146	4	1.42959234843	4.59165577905e-07	54.6940996578
PM00371	4	1.42959234843	4.59165577905e-07	54.6941001169
b1613	4	1.42959234843	0.0649510211722	54.7590511381
PM0-10049	4	1.42959234843	4.59165577905e-07	54.7590515973
b1614	4	1.42959234843	0.113990708312	54.8730423056
b1615	4	1.42959234843	4.59165577905e-07	54.8730427647
b1616	4	1.42959234843	4.59165577905e-07	54.8730432239
b1617	4	1.42959234843	4.59165577905e-07	54.8730436831
PM0-5321	4	1.42959234843	4.59165577905e-07	54.8730441422
b1618	4	1.42959234843	4.59165577905e-07	54.8730446014
PM0-5322	4	1.42959234843	4.59165577905e-07	54.8730450606
b1619	4	1.42959234843	0.00861061931246	54.8816556799
PM0-10050	4	1.42959234843	4.59165577905e-07	54.881656139
b1620	4	1.42959234843	4.59165577905e-07	54.8816565982
PM00260	4	1.42959234843	4.59165577905e-07	54.8816570574
PM00177	4	1.42959234843	4.59165577905e-07	54.8816575165
b1621	4	1.42959234843	4.59165577905e-07	54.8816579757
b1622	4	1.42959234843	4.59165577905e-07	54.8816584349
PM0-45010	4	1.42959234843	4.59165577905e-07	54.881658894
b1623	4	1.42959234843	0.0152877299043	54.8969466239
b1624	4	1.42959234843	4.59165577905e-07	54.8969470831
PM0-10409	4	1.42959234843	4.59165577905e-07	54.8969475423
b4409	4	1.42959234843	4.59165577905e-07	54.8969480014
b1625	4	1.42959234843	4.59165577905e-07	54.8969484606
PM0-8843	4	1.42959234843	4.59165577905e-07	54.8969489198
b1626	4	1.42959234843	4.59165577905e-07	54.8969493789
PM0-8845	4	1.42959234843	4.59165577905e-07	54.8969498381
b1627	4	1.42959234843	4.59165577905e-07	54.8969502973
b1628	4	1.42959234843	4.59165577905e-07	54.8969507564
b1629	4	1.42959234843	0.00136471669541	54.8983154731
b1630	4	1.42959234843	4.59165577905e-07	54.8983159323
b1631	4	1.42959234843	0.00337696701541	54.9016928993
b1632	4	1.42959234843	4.59165577905e-07	54.9016933585
b1633	4	1.42959234843	4.59165577905e-07	54.9016938176
PM0-8909	4	1.42959234843	4.59165577905e-07	54.9016942768
b1634	4	1.42959234843	8.86862804478e-07	54.9016951637
PM0-10051	4	1.42959234843	4.59165577905e-07	54.9016956228
b1635	4	1.42959234843	0.027102531283	54.9287981541
b1636	4	1.42959234843	4.59165577905e-07	54.9287986133
b3998	3	1.19512854724e-05	0.000334010700435	169.423005696
b3999	3	1.19512854724e-05	4.59165577905e-07	169.423006155
PM586	3	1.19512854724e-05	4.59165577905e-07	169.423006615
b4000	3	1.19512854724e-05	4.59165577905e-07	169.423007074
b4001	3	1.19512854724e-05	4.59165577905e-07	169.423007533
b4002	3	1.19512854724e-05	7.81879514691e-06	169.423015352
PM923	3	1.19512854724e-05	4.59165577905e-07	169.423015811
PM924	3	1.19512854724e-05	4.59165577905e-07	169.42301627
b4003	3	1.19512854724e-05	4.59165577905e-07	169.423016729
b4004	3	1.19512854724e-05	4.59165577905e-07	169.423017188
b4005	3	1.19512854724e-05	4.59165577905e-07	169.423017647
b2765	2	2.9846500906	4.59165577905e-07	90.6115242594
b2766	2	2.9846500906	4.59165577905e-07	90.6115247185
b2767	2	2.9846500906	4.59165577905e-07	90.6115251777
b2768	2	2.9846500906	4.59165577905e-07	90.6115256369
b2769	2	2.9846500906	4.59165577905e-07	90.611526096
b2770	2	2.9846500906	4.59165577905e-07	90.6115265552
b2771	2	2.9846500906	4.59165577905e-07	90.6115270144
b4463	2	2.9846500906	4.59165577905e-07	90.6115274735
b2774	2	2.9846500906	4.59165577905e-07	90.6115279327
b2775	2	2.9846500906	4.59165577905e-07	90.6115283919
b2776	2	2.9846500906	4.59165577905e-07	90.611528851
b2777	2	2.9846500906	4.59165577905e-07	90.6115293102
b4682	2	2.9846500906	4.59165577905e-07	90.6115297694
b2778	2	2.9846500906	4.59165577905e-07	90.6115302285
b2779	2	2.9846500906	2.98464412145	93.59617435
b0010	1	2.63181406031	4.59165577905e-07	0.6540443378
b0011	1	2.63181406031	4.59165577905e-07	0.654044796966
b0013	1	2.63181406031	4.59165577905e-07	0.654045256131
PM00316	1	2.63181406031	4.59165577905e-07	0.654045715297
b0014	1	2.63181406031	2.11444145515	2.76848717045
b0015	1	2.63181406031	0.046931806474	2.81541897692
b0016	1	2.63181406031	4.59165577905e-07	2.81541943609
b0018	1	2.63181406031	4.59165577905e-07	2.81541989525
b4412	1	2.63181406031	4.59165577905e-07	2.81542035442
b4413	1	2.63181406031	4.59165577905e-07	2.81542081358
b0019	1	2.63181406031	4.59165577905e-07	2.81542127275
b0020	1	2.63181406031	4.59165577905e-07	2.81542173191
b0021	1	2.63181406031	4.59165577905e-07	2.81542219108
b0022	1	2.63181406031	4.59165577905e-07	2.81542265025
b0023	1	2.63181406031	0.470434370372	3.28585702062
PM0-8222	1	2.63181406031	4.59165577905e-07	3.28585747978
b0024	1	2.63181406031	4.59165577905e-07	3.28585793895
PM0-8866	1	2.63181406031	4.59165577905e-07	3.28585839811
