$gene_or_promoter	SolutionOrder	class	mass reclaimed $(fg/cell)$	A14.07036	cumulativeMass	start	end	strand	W3110-startbase	W3110-endbase	W3110-strand
b3339	11	gene	19.3645779099	18.9912477636	186.273056328	3470145	3471329	-1	3459553.0	3460737.0	-
b3336	11	gene	19.3645779099	0.104650969614	167.245984674	3466249	3466725	-1	4173691.0	4174167.0	+
b3338	11	gene	19.3645779099	0.0179119451071	167.281808565	3467160	3469853	-1	4170563.0	4173256.0	+
b3337	11	gene	19.3645779099	0.0179119451071	167.26389662	3466797	3466991	-1	4173425.0	4173619.0	+
b3335	11	gene	19.3645779099	0.0179119451071	167.141333705	3465543	3466220	1	4174196.0	4174873.0	-
b3334	11	gene	19.3645779099	0.0179119451071	167.12342176	3465082	3465543	1	4174873.0	4175334.0	-
b3333	11	gene	19.3645779099	0.0179119451071	167.105509815	3463922	3465085	1	4175331.0	4176494.0	-
b3332	11	gene	19.3645779099	0.0179119451071	167.08759787	3462924	3463907	1	4176509.0	4177492.0	-
b3331	11	gene	19.3645779099	0.0179119451071	167.069685924	3462344	3462931	1	4177485.0	4178072.0	-
b3330	11	gene	19.3645779099	0.0179119451071	167.051773979	3461974	3462351	1	4178065.0	4178442.0	-
b3329	11	gene	19.3645779099	0.0179119451071	167.033862034	3461468	3461977	1	4178439.0	4178948.0	-
b3328	11	gene	19.3645779099	0.0179119451071	167.015950089	3461023	3461460	1	4178956.0	4179393.0	-
b3327	11	gene	19.3645779099	0.0179119451071	166.998038144	3459817	3461013	1	4179403.0	4180599.0	-
b3326	11	gene	19.3645779099	0.0179119451071	166.980126199	3458339	3459820	1	4180596.0	4182077.0	-
b3325	11	gene	19.3645779099	0.0179119451071	166.962214254	3456377	3458329	1	4182087.0	4184039.0	-
b3324	11	gene	19.3645779099	0.0179119451071	166.944302309	3455578	3456393	1	4184023.0	4184838.0	-
b3323	11	gene	19.3645779099	0.0179119451071	166.926390364	3453929	3455398	-1	4185018.0	4186487.0	+
b3322	11	gene	19.3645779099	0.0179119451071	166.908478418	3453508	3453927	-1	4186489.0	4186908.0	+
PM0-3321	11	promoter	19.3645779099	0.0	167.281808565	3469854	3469896	-1			
PM0-9514	11	promoter	19.3645779099	0.0	166.926390364	3455482	3455577	1			
PM-8819	11	promoter	19.3645779099	0.0	166.926390364	3455399	3455634	-1			
b0957	10	gene	7.07968859315	6.83684604541	60.7984496582	1019013	1020053	-1	1019435.0	1020475.0	-
b0963	10	gene	7.07968859315	0.0243609594474	60.9019423658	1026557	1027015	-1	1026979.0	1027437.0	-
b0971	10	gene	7.07968859315	0.0179119451071	61.0400094791	1031625	1031712	-1			
b0970	10	gene	7.07968859315	0.0179119451071	61.022097534	1030759	1031418	-1	1031181.0	1031840.0	-
b0969	10	gene	7.07968859315	0.0179119451071	61.0041855889	1030339	1030668	-1	1030761.0	1031090.0	-
b0968	10	gene	7.07968859315	0.0179119451071	60.9862736438	1030064	1030342	1	1030486.0	1030764.0	+
b0966	10	gene	7.07968859315	0.0179119451071	60.9556782011	1028404	1028721	-1	1028826.0	1029143.0	-
b0965	10	gene	7.07968859315	0.0179119451071	60.937766256	1027946	1028359	1	1028368.0	1028781.0	+
b0964	10	gene	7.07968859315	0.0179119451071	60.9198543109	1027111	1027773	-1	1027533.0	1028195.0	-
b0962	10	gene	7.07968859315	0.0179119451071	60.8775814063	1024471	1026525	1	1024893.0	1026947.0	+
b0960	10	gene	7.07968859315	0.0179119451071	60.8521854935	1021730	1023883	-1	1022152.0	1024305.0	-
b0959	10	gene	7.07968859315	0.0179119451071	60.8342735484	1021138	1021767	1	1021560.0	1022189.0	+
b0958	10	gene	7.07968859315	0.0179119451071	60.8163616033	1020410	1020919	-1	1020832.0	1021341.0	-
b0967	10	gene	7.07968859315	0.0126834975376	60.9683616986	1028779	1029969	-1	1029201.0	1030304.0	-
b0961	10	gene	7.07968859315	0.00748396769418	60.8596694612	1023902	1024348	-1	1024324.0	1024770.0	-
b0956	10	gene	7.07968859315	0.00128272688275	53.9616036128	1018485	1018937	1	1018907.0	1019359.0	+
PM0-9395	10	promoter	7.07968859315	0.0	61.022097534	1031419	1031443	-1			
PM0-36218	10	promoter	7.07968859315	0.0	60.9198543109	1027774	1027837	-1			
PM0-10012	10	promoter	7.07968859315	0.0	60.9019423658	1027016	1027041	-1			
PM0-36233	10	promoter	7.07968859315	0.0	60.8596694612	1024438	1024470	1			
PM0-36232	10	promoter	7.07968859315	0.0	60.8596694612	1024349	1024365	-1			
PM0-46336	10	promoter	7.07968859315	0.0	60.8163616033	1021083	1021137	1			
PM00092	10	promoter	7.07968859315	0.0	60.8163616033	1020920	1020947	-1			
PM00064	10	promoter	7.07968859315	0.0	60.7984496582	1020054	1020191	-1			
PM0-10011	10	promoter	7.07968859315	0.0	53.9603208859	1018459	1018484	1			
b2414	9	gene	4.19366594496	4.19366594496	111.528074091	2532409	2533380	1	2537855.0	2538826.0	+
b2413	9	gene	4.19366594496	0.0179119451071	107.334408146	2531463	2532224	1	2536909.0	2537670.0	+
PM00633	9	promoter	4.19366594496	0.0	111.528074091	2533498	2533763	1			
PM0-10091	9	promoter	4.19366594496	0.0	107.334408146	2532344	2532408	1			
b2779	8	gene	3.21749940784	2.98464412145	132.338268459	2906643	2907941	-1	2905299.0	2906597.0	-
b2778	8	gene	3.21749940784	0.0179119451071	129.353624338	2905711	2906583	1	2904367.0	2905239.0	+
b4682	8	gene	3.21749940784	0.0179119451071	129.335712393	2905557	2905697	1			
b2777	8	gene	3.21749940784	0.0179119451071	129.317800448	2904747	2905418	-1	2903403.0	2904074.0	-
b2776	8	gene	3.21749940784	0.0179119451071	129.299888502	2901896	2903374	1	2900552.0	2902030.0	+
b2775	8	gene	3.21749940784	0.0179119451071	129.281976557	2900592	2901869	1	2899248.0	2900525.0	+
b2774	8	gene	3.21749940784	0.0179119451071	129.264064612	2899488	2900273	-1	2898144.0	2898929.0	-
b4463	8	gene	3.21749940784	0.0179119451071	129.246152667	2897964	2899418	-1	2896620.0	2898074.0	-
b2771	8	gene	3.21749940784	0.0179119451071	129.228240722	2896533	2897870	-1	2895189.0	2896526.0	-
b2770	8	gene	3.21749940784	0.0179119451071	129.210328777	2895776	2896555	-1	2894432.0	2895211.0	-
b2769	8	gene	3.21749940784	0.0179119451071	129.192416832	2894919	2895779	-1	2893575.0	2894435.0	-
b2768	8	gene	3.21749940784	0.0179119451071	129.174504887	2894196	2894771	1	2892852.0	2893427.0	+
b2767	8	gene	3.21749940784	0.0179119451071	129.156592942	2893919	2894179	1	2892575.0	2892835.0	+
b2766	8	gene	3.21749940784	0.0179119451071	129.138680996	2892657	2893928	1	2891313.0	2892584.0	+
b2765	8	gene	3.21749940784	0.0179119451071	129.120769051	2892214	2892579	1	2890870.0	2891235.0	+
b1779	7	gene	2.79550954172	2.79550954172	87.0494153951	1862771	1863766	1	1864485.0	1865480.0	+
PM00577	7	promoter	2.79550954172	0.0	84.2539058534	1862735	1862770	1			
b4015	6	gene	2.6113083064	2.14180461556	227.144645359	4217109	4218413	1	4220699.0	4222003.0	+
b4014	6	gene	2.6113083064	0.432970207693	225.002840744	4215478	4217079	1	4219068.0	4220669.0	+
b4018	6	gene	2.6113083064	0.0179119451071	227.181178842	4222804	4223628	-1	4226394.0	4227218.0	-
b4017	6	gene	2.6113083064	0.0179119451071	227.163266897	4220301	4222487	-1	4223891.0	4226077.0	-
b4016	6	gene	2.6113083064	0.000709592933978	227.145354952	4218596	4220332	1	4222186.0	4223922.0	+
PM00001	6	promoter	2.6113083064	0.0	224.569870536	4215402	4215477	1			
b0436	5	gene	2.58330043613	2.043075612	25.9939933252	455133	456431	1	454357.0	455655.0	+
b0437	5	gene	2.58330043613	0.339141310188	26.3331346354	456677	457300	1	455901.0	456524.0	+
b0439	5	gene	2.58330043613	0.165259623729	26.5342181493	458888	461242	1	458112.0	460466.0	+
sraA	5	gene	2.58330043613	0.0179119451071	26.3689585256	458728	458784	-1			
b0438	5	gene	2.58330043613	0.0179119451071	26.3510465805	457426	458700	1	456650.0	457924.0	+
PM590	5	promoter	2.58330043613	0.0	26.5342181493	461305	461450	1			
PM00511	5	promoter	2.58330043613	0.0	26.3689585256	458815	458887	1			
PM0-9696	5	promoter	2.58330043613	0.0	26.3331346354	457202	457425	1			
PM00569	5	promoter	2.58330043613	0.0	25.9939933252	456646	456676	1			
PM0-9744	5	promoter	2.58330043613	0.0	25.9939933252	456605	456676	1			
PM00339	5	promoter	2.58330043613	0.0	25.9939933252	456577	456676	1			
PM0-9980	5	promoter	2.58330043613	0.0	23.9509177132	454993	455132	1			
b0605	4	gene	2.56151780484	2.01333925913	34.6411127468	638945	639508	1	638168.0	638731.0	+
b0606	4	gene	2.56151780484	0.22692966333	34.8680424101	639753	641318	1	638976.0	640541.0	+
b0598	4	gene	2.56151780484	0.0400886993054	32.5282103441	629894	631999	1	4593809.0	4595959.0	-
b0618	4	gene	2.56151780484	0.0179119451071	35.0496394497	650798	651856	-1	650021.0	651079.0	-
b0617	4	gene	2.56151780484	0.0179119451071	35.0317275045	650487	650783	-1	649710.0	650006.0	-
b0616	4	gene	2.56151780484	0.0179119451071	35.0138155594	649582	650490	-1	648805.0	649713.0	-
b0615	4	gene	2.56151780484	0.0179119451071	34.9959036143	648039	649571	-1	647262.0	648794.0	-
b0614	4	gene	2.56151780484	0.0179119451071	34.9779916692	647484	648035	-1	646707.0	647258.0	-
b0613	4	gene	2.56151780484	0.0179119451071	34.9600797241	646631	647509	-1	645854.0	646732.0	-
b0612	4	gene	2.56151780484	0.0179119451071	34.942167779	645117	646580	-1	644340.0	645803.0	-
b0610	4	gene	2.56151780484	0.0179119451071	34.9217782454	643557	643967	-1	642780.0	643190.0	-
b0608	4	gene	2.56151780484	0.0179119451071	34.9038663003	642088	643326	1	641311.0	642549.0	+
b0607	4	gene	2.56151780484	0.0179119451071	34.8859543552	641439	641867	-1	640662.0	641090.0	-
b0603	4	gene	2.56151780484	0.0179119451071	32.6217397162	636716	637618	-1	635939.0	636841.0	-
b0602	4	gene	2.56151780484	0.0179119451071	32.6038277711	635349	636569	-1	634572.0	635792.0	-
b0601	4	gene	2.56151780484	0.0179119451071	32.585915826	634747	635376	-1	633970.0	634599.0	-
b0599	4	gene	2.56151780484	0.0179119451071	32.5640342343	632389	633477	-1	631612.0	632700.0	-
b4512	4	gene	2.56151780484	0.0179119451071	32.5461222892	632182	632379	1	631405.0	631602.0	+
b0604	4	gene	2.56151780484	0.0060337714311	32.6277734877	637827	638573	-1	637050.0	637796.0	-
b0600	4	gene	2.56151780484	0.00396964657241	32.5680038809	633586	634746	1	632809.0	633969.0	+
b0611	4	gene	2.56151780484	0.0024775884634	34.9242558339	644197	645003	-1	643420.0	644226.0	-
PM0-10380	4	promoter	2.56151780484	0.0	35.0496394497	651984	652234	1			
PM0-10377	4	promoter	2.56151780484	0.0	35.0496394497	651857	652039	-1			
PM0-9889	4	promoter	2.56151780484	0.0	35.0496394497	651857	651952	-1			
PM0-9991	4	promoter	2.56151780484	0.0	34.9242558339	645004	645034	-1			
PM0-9990	4	promoter	2.56151780484	0.0	34.8859543552	641868	641903	-1			
PM-8821	4	promoter	2.56151780484	0.0	34.6411127468	639002	639752	1			
PM00102	4	promoter	2.56151780484	0.0	32.6277734877	638921	638944	1			
PM0-10408	4	promoter	2.56151780484	0.0	32.6277734877	638693	638944	1			
PM0-10406	4	promoter	2.56151780484	0.0	32.6277734877	638574	638800	-1			
PM0-10368	4	promoter	2.56151780484	0.0	32.6038277711	636570	636686	-1			
PM0-7163	4	promoter	2.56151780484	0.0	32.4881216448	629855	629893	1			
b0014	3	gene	2.30466882248	2.11444145515	2.94760065236	12163	14079	1	12163.0	14079.0	+
b0015	3	gene	2.30466882248	0.046931806474	2.99453245884	14168	15298	1	14168.0	15298.0	+
b0020	3	gene	2.30466882248	0.0179119451071	3.10200412948	18715	19620	1	18715.0	19620.0	+
b0019	3	gene	2.30466882248	0.0179119451071	3.08409218437	17489	18655	1	17489.0	18655.0	+
b4413	3	gene	2.30466882248	0.0179119451071	3.06618023927	16952	17006	1			
b0018	3	gene	2.30466882248	0.0179119451071	3.03035634905	16751	16960	-1			
b4412	3	gene	2.30466882248	0.0179119451071	3.04826829416	16751	16903	-1			
b0016	3	gene	2.30466882248	0.0179119451071	3.01244440395	15445	16557	1			
b0013	3	gene	2.30466882248	0.0179119451071	0.833159197215	11382	11786	-1	11382.0	11786.0	-
b0011	3	gene	2.30466882248	0.0179119451071	0.815247252108	10643	11356	-1	10643.0	11356.0	-
b0010	3	gene	2.30466882248	0.0179119451071	0.797335307001	9928	10494	-1	9928.0	10494.0	-
PM00316	3	promoter	2.30466882248	0.0	0.833159197215	12048	12162	1			
b2215	2	gene	2.28710459094	2.25128070072	101.095428485	2311646	2312749	-1	2314980.0	2316083.0	-
b2216	2	gene	2.28710459094	0.0179119451071	101.131252375	2313488	2316160	1	2316822.0	2319494.0	+
b4439	2	gene	2.28710459094	0.0179119451071	101.11334043	2313084	2313176	1			
b2214	2	gene	2.28710459094	0.0179119451071	98.8441477843	2310479	2311534	-1	2313813.0	2314868.0	-
PM0-36142	2	promoter	2.28710459094	0.0	101.131252375	2315695	2316176	1			
PM0-36140	2	promoter	2.28710459094	0.0	101.11334043	2313452	2313487	1			
PM00401	2	promoter	2.28710459094	0.0	101.095428485	2313084	2313083	1			
PM00630	2	promoter	2.28710459094	0.0	101.095428485	2312750	2312887	-1			
b4143	1	gene	2.16265316388	2.16265316388	232.439923663	4371025	4372671	1	4375705.0	4377351.0	+
PM0-10182	1	promoter	2.16265316388	0.0	230.277270499	4370783	4371024	1			
